#time	operator	index_1	index_2	value
0	ZZ	1	2	-1
0	ZZ	1	3	-1
0	ZZ	2	1	-1
0	ZZ	2	3	1
0	ZZ	3	1	-1
0	ZZ	3	2	1

0.1	ZZ	1	2	-0.979330564161362
0.1	ZZ	1	3	-0.904061560329421
0.1	ZZ	2	1	-0.979330564161362
0.1	ZZ	2	3	0.923192789494045
0.1	ZZ	3	1	-0.904061560329421
0.1	ZZ	3	2	0.923192789494045

0.2	ZZ	1	2	-0.948956170193343
0.2	ZZ	1	3	-0.68679678750112
0.2	ZZ	2	1	-0.948956170193343
0.2	ZZ	2	3	0.714958264467312
0.2	ZZ	3	1	-0.68679678750112
0.2	ZZ	3	2	0.714958264467312

0.3	ZZ	1	2	-0.888400445114805
0.3	ZZ	1	3	-0.417832695232393
0.3	ZZ	2	1	-0.888400445114805
0.3	ZZ	2	3	0.424451006152969
0.3	ZZ	3	1	-0.417832695232393
0.3	ZZ	3	2	0.424451006152969

0.4	ZZ	1	2	-0.775394212207935
0.4	ZZ	1	3	-0.17820652304315
0.4	ZZ	2	1	-0.775394212207935
0.4	ZZ	2	3	0.110442978641531
0.4	ZZ	3	1	-0.17820652304315
0.4	ZZ	3	2	0.110442978641531

0.5	ZZ	1	2	-0.596925937504166
0.5	ZZ	1	3	-0.0344145235672208
0.5	ZZ	2	1	-0.596925937504166
0.5	ZZ	2	3	-0.173577236931794
0.5	ZZ	3	1	-0.0344145235672208
0.5	ZZ	3	2	-0.173577236931794

0.6	ZZ	1	2	-0.357094504437259
0.6	ZZ	1	3	-0.0187529231002165
0.6	ZZ	2	1	-0.357094504437259
0.6	ZZ	2	3	-0.391210706799905
0.6	ZZ	3	1	-0.0187529231002165
0.6	ZZ	3	2	-0.391210706799905

0.7	ZZ	1	2	-0.0791242018353331
0.7	ZZ	1	3	-0.121625664459809
0.7	ZZ	2	1	-0.0791242018353331
0.7	ZZ	2	3	-0.528825413329096
0.7	ZZ	3	1	-0.121625664459809
0.7	ZZ	3	2	-0.528825413329096

0.8	ZZ	1	2	0.199075189767815
0.8	ZZ	1	3	-0.297388750605605
0.8	ZZ	2	1	0.199075189767815
0.8	ZZ	2	3	-0.594151824709257
0.8	ZZ	3	1	-0.297388750605605
0.8	ZZ	3	2	-0.594151824709257

0.9	ZZ	1	2	0.434309019926151
0.9	ZZ	1	3	-0.480989665978303
0.9	ZZ	2	1	0.434309019926151
0.9	ZZ	2	3	-0.609044095033341
0.9	ZZ	3	1	-0.480989665978303
0.9	ZZ	3	2	-0.609044095033341

1	ZZ	1	2	0.58943603490761
1	ZZ	1	3	-0.609495491923226
1	ZZ	2	1	0.58943603490761
1	ZZ	2	3	-0.599290215128899
1	ZZ	3	1	-0.609495491923226
1	ZZ	3	2	-0.599290215128899

1.1	ZZ	1	2	0.643120692282952
1.1	ZZ	1	3	-0.641489372990589
1.1	ZZ	2	1	0.643120692282952
1.1	ZZ	2	3	-0.584967860479208
1.1	ZZ	3	1	-0.641489372990589
1.1	ZZ	3	2	-0.584967860479208

1.2	ZZ	1	2	0.595100410084272
1.2	ZZ	1	3	-0.568457497334664
1.2	ZZ	2	1	0.595100410084272
1.2	ZZ	2	3	-0.574324659619045
1.2	ZZ	3	1	-0.568457497334664
1.2	ZZ	3	2	-0.574324659619045

1.3	ZZ	1	2	0.465558229673133
1.3	ZZ	1	3	-0.415178476801575
1.3	ZZ	2	1	0.465558229673133
1.3	ZZ	2	3	-0.562761476554721
1.3	ZZ	3	1	-0.415178476801575
1.3	ZZ	3	2	-0.562761476554721

1.4	ZZ	1	2	0.289033609132343
1.4	ZZ	1	3	-0.229746928004251
1.4	ZZ	2	1	0.289033609132343
1.4	ZZ	2	3	-0.536719622724359
1.4	ZZ	3	1	-0.229746928004251
1.4	ZZ	3	2	-0.536719622724359

1.5	ZZ	1	2	0.104909550051169
1.5	ZZ	1	3	-0.0670389981594619
1.5	ZZ	2	1	0.104909550051169
1.5	ZZ	2	3	-0.480702457593046
1.5	ZZ	3	1	-0.0670389981594619
1.5	ZZ	3	2	-0.480702457593046

1.6	ZZ	1	2	-0.0525955506886022
1.6	ZZ	1	3	0.0287963849161583
1.6	ZZ	2	1	-0.0525955506886022
1.6	ZZ	2	3	-0.384775990093559
1.6	ZZ	3	1	0.0287963849161583
1.6	ZZ	3	2	-0.384775990093559

1.7	ZZ	1	2	-0.162054798001736
1.7	ZZ	1	3	0.0373163701631511
1.7	ZZ	2	1	-0.162054798001736
1.7	ZZ	2	3	-0.249920838548157
1.7	ZZ	3	1	0.0373163701631511
1.7	ZZ	3	2	-0.249920838548157

1.8	ZZ	1	2	-0.218117478906446
1.8	ZZ	1	3	-0.0334874905163819
1.8	ZZ	2	1	-0.218117478906446
1.8	ZZ	2	3	-0.089475876223514
1.8	ZZ	3	1	-0.0334874905163819
1.8	ZZ	3	2	-0.089475876223514

1.9	ZZ	1	2	-0.229931010373229
1.9	ZZ	1	3	-0.151615160420967
1.9	ZZ	2	1	-0.229931010373229
1.9	ZZ	2	3	0.073709635019448
1.9	ZZ	3	1	-0.151615160420967
1.9	ZZ	3	2	0.073709635019448

2	ZZ	1	2	-0.215668126628774
2	ZZ	1	3	-0.272637207152904
2	ZZ	2	1	-0.215668126628774
2	ZZ	2	3	0.213382321468407
2	ZZ	3	1	-0.272637207152904
2	ZZ	3	2	0.213382321468407

2.1	ZZ	1	2	-0.19520555062125
2.1	ZZ	1	3	-0.354341481473859
2.1	ZZ	2	1	-0.19520555062125
2.1	ZZ	2	3	0.307210048212973
2.1	ZZ	3	1	-0.354341481473859
2.1	ZZ	3	2	0.307210048212973

2.2	ZZ	1	2	-0.183369065165129
2.2	ZZ	1	3	-0.369688774830418
2.2	ZZ	2	1	-0.183369065165129
2.2	ZZ	2	3	0.342982648144202
2.2	ZZ	3	1	-0.369688774830418
2.2	ZZ	3	2	0.342982648144202

2.3	ZZ	1	2	-0.185759712259292
2.3	ZZ	1	3	-0.314169708812551
2.3	ZZ	2	1	-0.185759712259292
2.3	ZZ	2	3	0.321795011057034
2.3	ZZ	3	1	-0.314169708812551
2.3	ZZ	3	2	0.321795011057034

2.4	ZZ	1	2	-0.198189041657705
2.4	ZZ	1	3	-0.205661319129326
2.4	ZZ	2	1	-0.198189041657705
2.4	ZZ	2	3	0.257338916519303
2.4	ZZ	3	1	-0.205661319129326
2.4	ZZ	3	2	0.257338916519303

2.5	ZZ	1	2	-0.209528076344299
2.5	ZZ	1	3	-0.0773412292436429
2.5	ZZ	2	1	-0.209528076344299
2.5	ZZ	2	3	0.17166617330077
2.5	ZZ	3	1	-0.0773412292436429
2.5	ZZ	3	2	0.17166617330077

2.6	ZZ	1	2	-0.206712612749269
2.6	ZZ	1	3	0.0336648540793684
2.6	ZZ	2	1	-0.206712612749269
2.6	ZZ	2	3	0.0888414154540417
2.6	ZZ	3	1	0.0336648540793684
2.6	ZZ	3	2	0.0888414154540417

2.7	ZZ	1	2	-0.180065054814199
2.7	ZZ	1	3	0.0980846775366613
2.7	ZZ	2	1	-0.180065054814199
2.7	ZZ	2	3	0.0284623999284925
2.7	ZZ	3	1	0.0980846775366613
2.7	ZZ	3	2	0.0284623999284925

2.8	ZZ	1	2	-0.127136148161228
2.8	ZZ	1	3	0.103054214996582
2.8	ZZ	2	1	-0.127136148161228
2.8	ZZ	2	3	0.0009469673400746
2.8	ZZ	3	1	0.103054214996582
2.8	ZZ	3	2	0.0009469673400746

2.9	ZZ	1	2	-0.0538791076831998
2.9	ZZ	1	3	0.0549911484677057
2.9	ZZ	2	1	-0.0538791076831998
2.9	ZZ	2	3	0.00583368889952698
2.9	ZZ	3	1	0.0549911484677057
2.9	ZZ	3	2	0.00583368889952698

3	ZZ	1	2	0.0270884138988993
3	ZZ	1	3	-0.023716468246493
3	ZZ	2	1	0.0270884138988993
3	ZZ	2	3	0.03335517161898
3	ZZ	3	1	-0.023716468246493
3	ZZ	3	2	0.03335517161898

3.1	ZZ	1	2	0.10042247444666
3.1	ZZ	1	3	-0.102754680350429
3.1	ZZ	2	1	0.10042247444666
3.1	ZZ	2	3	0.0685443810048346
3.1	ZZ	3	1	-0.102754680350429
3.1	ZZ	3	2	0.0685443810048346

3.2	ZZ	1	2	0.152811087797262
3.2	ZZ	1	3	-0.153838997838363
3.2	ZZ	2	1	0.152811087797262
3.2	ZZ	2	3	0.0964317617445278
3.2	ZZ	3	1	-0.153838997838363
3.2	ZZ	3	2	0.0964317617445278

3.3	ZZ	1	2	0.176984436234616
3.3	ZZ	1	3	-0.159358143391308
3.3	ZZ	2	1	0.176984436234616
3.3	ZZ	2	3	0.106678773427145
3.3	ZZ	3	1	-0.159358143391308
3.3	ZZ	3	2	0.106678773427145

3.4	ZZ	1	2	0.173728784122876
3.4	ZZ	1	3	-0.117111567043502
3.4	ZZ	2	1	0.173728784122876
3.4	ZZ	2	3	0.0963014918683118
3.4	ZZ	3	1	-0.117111567043502
3.4	ZZ	3	2	0.0963014918683118

3.5	ZZ	1	2	0.151350899524391
3.5	ZZ	1	3	-0.039936813805455
3.5	ZZ	2	1	0.151350899524391
3.5	ZZ	2	3	0.0698335554043041
3.5	ZZ	3	1	-0.039936813805455
3.5	ZZ	3	2	0.0698335554043041

3.6	ZZ	1	2	0.122868628552952
3.6	ZZ	1	3	0.0493077689984551
3.6	ZZ	2	1	0.122868628552952
3.6	ZZ	2	3	0.0371182981625326
3.6	ZZ	3	1	0.0493077689984551
3.6	ZZ	3	2	0.0371182981625326

3.7	ZZ	1	2	0.101898297400626
3.7	ZZ	1	3	0.125528920833519
3.7	ZZ	2	1	0.101898297400626
3.7	ZZ	2	3	0.0096354592144719
3.7	ZZ	3	1	0.125528920833519
3.7	ZZ	3	2	0.0096354592144719

3.8	ZZ	1	2	0.0985622292421039
3.8	ZZ	1	3	0.169345486729137
3.8	ZZ	2	1	0.0985622292421039
3.8	ZZ	2	3	-0.00335335282265878
3.8	ZZ	3	1	0.169345486729137
3.8	ZZ	3	2	-0.00335335282265878

3.9	ZZ	1	2	0.116661284174372
3.9	ZZ	1	3	0.172717525117155
3.9	ZZ	2	1	0.116661284174372
3.9	ZZ	2	3	0.00239369271379258
3.9	ZZ	3	1	0.172717525117155
3.9	ZZ	3	2	0.00239369271379258

4	ZZ	1	2	0.152899041409631
4	ZZ	1	3	0.14066799075229
4	ZZ	2	1	0.152899041409631
4	ZZ	2	3	0.0251527836934721
4	ZZ	3	1	0.14066799075229
4	ZZ	3	2	0.0251527836934721

4.1	ZZ	1	2	0.1982717234166
4.1	ZZ	1	3	0.0888297540380546
4.1	ZZ	2	1	0.1982717234166
4.1	ZZ	2	3	0.0582975219979917
4.1	ZZ	3	1	0.0888297540380546
4.1	ZZ	3	2	0.0582975219979917

4.2	ZZ	1	2	0.24107246866579
4.2	ZZ	1	3	0.0378654865100387
4.2	ZZ	2	1	0.24107246866579
4.2	ZZ	2	3	0.0928747655618423
4.2	ZZ	3	1	0.0378654865100387
4.2	ZZ	3	2	0.0928747655618423

4.3	ZZ	1	2	0.270504661312243
4.3	ZZ	1	3	0.00670740024229555
4.3	ZZ	2	1	0.270504661312243
4.3	ZZ	2	3	0.120751559550068
4.3	ZZ	3	1	0.00670740024229555
4.3	ZZ	3	2	0.120751559550068

4.4	ZZ	1	2	0.279782340974381
4.4	ZZ	1	3	0.00679707268903296
4.4	ZZ	2	1	0.279782340974381
4.4	ZZ	2	3	0.13727490200187
4.4	ZZ	3	1	0.00679707268903296
4.4	ZZ	3	2	0.13727490200187

4.5	ZZ	1	2	0.267829347151204
4.5	ZZ	1	3	0.0390457767037452
4.5	ZZ	2	1	0.267829347151204
4.5	ZZ	2	3	0.142612269655785
4.5	ZZ	3	1	0.0390457767037452
4.5	ZZ	3	2	0.142612269655785

4.6	ZZ	1	2	0.239176963776848
4.6	ZZ	1	3	0.0942731065171865
4.6	ZZ	2	1	0.239176963776848
4.6	ZZ	2	3	0.141415347676064
4.6	ZZ	3	1	0.0942731065171865
4.6	ZZ	3	2	0.141415347676064

4.7	ZZ	1	2	0.202234722178051
4.7	ZZ	1	3	0.156749609774625
4.7	ZZ	2	1	0.202234722178051
4.7	ZZ	2	3	0.141006594914299
4.7	ZZ	3	1	0.156749609774625
4.7	ZZ	3	2	0.141006594914299

4.8	ZZ	1	2	0.166587940413286
4.8	ZZ	1	3	0.209530779255348
4.8	ZZ	2	1	0.166587940413286
4.8	ZZ	2	3	0.148747713104562
4.8	ZZ	3	1	0.209530779255348
4.8	ZZ	3	2	0.148747713104562

4.9	ZZ	1	2	0.140218261287317
4.9	ZZ	1	3	0.239803280446475
4.9	ZZ	2	1	0.140218261287317
4.9	ZZ	2	3	0.169472881526284
4.9	ZZ	3	1	0.239803280446475
4.9	ZZ	3	2	0.169472881526284

5	ZZ	1	2	0.127492554568761
5	ZZ	1	3	0.242582263651461
5	ZZ	2	1	0.127492554568761
5	ZZ	2	3	0.203802542926963
5	ZZ	3	1	0.242582263651461
5	ZZ	3	2	0.203802542926963

