#time	operator	index	value
0	X	1	0
0	Y	1	0
0	Z	1	-1
0	X	2	0
0	Y	2	0
0	Z	2	1
0	X	3	0
0	Y	3	0
0	Z	3	1

0.1	X	1	-4.2779608892647e-19
0.1	Y	1	-1.68591160866595e-18
0.1	Z	1	-0.903292456992414
0.1	X	2	-2.86916006390236e-17
0.1	Y	2	-1.36590534005844e-16
0.1	Z	2	0.923961892831051
0.1	X	3	1.29399665856182e-17
0.1	Y	3	4.34446157148442e-18
0.1	Z	3	0.999230896662994

0.2	X	1	-7.05020605526797e-16
0.2	Y	1	2.74509474965373e-16
0.2	Z	1	-0.675355611080885
0.2	X	2	5.79473295892871e-16
0.2	Y	2	2.54142940873717e-16
0.2	Z	2	0.726399440887546
0.2	X	3	-1.22649341029858e-16
0.2	Y	3	1.43572522666186e-16
0.2	Z	3	0.988558823579766

0.3	X	1	-9.51331832900606e-16
0.3	Y	1	6.42737021130543e-16
0.3	Z	1	-0.365342073250082
0.3	X	2	7.58946489659908e-16
0.3	Y	2	1.26636577205926e-16
0.3	Z	2	0.476941628135279
0.3	X	3	-1.88661147445172e-16
0.3	Y	3	3.09156912897587e-16
0.3	Z	3	0.94750937801769

0.4	X	1	-9.76179593381137e-16
0.4	Y	1	6.80848217471165e-16
0.4	Z	1	-0.0320218569463045
0.4	X	2	3.52638523179439e-15
0.4	Y	2	7.99605931646504e-16
0.4	Z	2	0.256627644738375
0.4	X	3	-5.16927258327366e-16
0.4	Y	3	1.81774579338855e-15
0.4	Z	3	0.85381533390316

0.5	X	1	-9.69084102663759e-16
0.5	Y	1	5.89735587585092e-16
0.5	Z	1	0.271118387930207
0.5	X	2	-1.09518923011392e-15
0.5	Y	2	8.62786576137678e-16
0.5	Z	2	0.131955674565633
0.5	X	3	-5.74099070965707e-16
0.5	Y	3	1.62748259090792e-16
0.5	Z	3	0.694467088502578

0.6	X	1	-1.51904838127907e-16
0.6	Y	1	1.05038410871014e-15
0.6	Z	1	0.507681639631217
0.6	X	2	-1.70615013890665e-15
0.6	Y	2	6.48832821341835e-17
0.6	Z	2	0.135223855931528
0.6	X	3	-4.01605082797907e-16
0.6	Y	3	-8.43083987065586e-17
0.6	Z	3	0.473565437268572

0.7	X	1	1.04798740174683e-16
0.7	Y	1	1.58037796788323e-15
0.7	Z	1	0.664037773516978
0.7	X	2	-3.94999763643653e-15
0.7	Y	2	-1.71947021416697e-15
0.7	Z	2	0.256838024647693
0.7	X	3	1.36464912640129e-15
0.7	Y	3	-2.49663846662774e-15
0.7	Z	3	0.214336562023217

0.8	X	1	-8.49604885833861e-17
0.8	Y	1	2.26587145854338e-15
0.8	Z	1	0.747919131935735
0.8	X	2	-5.48061127495478e-15
0.8	Y	2	-1.64213080799453e-15
0.8	Z	2	0.451156057832084
0.8	X	3	1.98015498508471e-15
0.8	Y	3	-6.15163755953524e-15
0.8	Z	3	-0.0453078825413364

0.9	X	1	-1.23328396935868e-16
0.9	Y	1	2.59827005776323e-15
0.9	Z	1	0.781181724490592
0.9	X	2	-4.23774292969711e-15
0.9	Y	2	-4.78736509622377e-16
0.9	Z	2	0.653127295435556
0.9	X	3	9.6272474703353e-16
0.9	Y	3	-7.18511871128776e-15
0.9	Z	3	-0.262171390468898

1	X	1	-5.22486327316602e-17
1	Y	1	2.60482836405757e-15
1	Z	1	0.789615379056633
1	X	2	-3.29528941440835e-15
1	Y	2	8.88821353279261e-16
1	Z	2	0.799820655850963
1	X	3	-2.54684373537055e-15
1	Y	3	-8.51005269612182e-15
1	Z	3	-0.399110870979874

1.1	X	1	1.94478793658863e-16
1.1	Y	1	2.27984668077321e-15
1.1	Z	1	0.793299589885779
1.1	X	2	-2.50340332341648e-15
1.1	Y	2	1.08570116726801e-15
1.1	Z	2	0.849821102397162
1.1	X	3	-7.12253370676714e-15
1.1	Y	3	-7.77037066448214e-15
1.1	Z	3	-0.434788962876379

1.2	X	1	-3.81368829747067e-17
1.2	Y	1	1.54642372512873e-15
1.2	Z	1	0.800483786184316
1.2	X	2	-2.54695644461512e-15
1.2	Y	2	2.15394892298935e-16
1.2	Z	2	0.794616623899937
1.2	X	3	-9.45664010058893e-15
1.2	Y	3	-5.41114500750596e-15
1.2	Z	3	-0.368941283518999

1.3	X	1	-7.22241154896815e-16
1.3	Y	1	7.56095290833485e-16
1.3	Z	1	0.806570614713124
1.3	X	2	-3.32242644145256e-15
1.3	Y	2	-1.01947408845411e-15
1.3	Z	2	0.658987614959978
1.3	X	3	-1.11269813785481e-14
1.3	Y	3	-3.31599152408545e-15
1.3	Z	3	-0.22174909151473

1.4	X	1	-1.85565708357395e-15
1.4	Y	1	7.47824887777719e-17
1.4	Z	1	0.7980031519262
1.4	X	2	-4.38434433669034e-15
1.4	Y	2	-9.38713134211525e-16
1.4	Z	2	0.491030457206091
1.4	X	3	-9.49506718122254e-15
1.4	Y	3	-1.02778361943617e-15
1.4	Z	3	-0.0277500799305014

1.5	X	1	-3.47172920362187e-15
1.5	Y	1	-3.4227648635137e-16
1.5	Z	1	0.759286504742351
1.5	X	2	-5.42379991549692e-15
1.5	Y	2	-7.04948513952928e-16
1.5	Z	2	0.345623045308766
1.5	X	3	-8.24174632317041e-15
1.5	Y	3	4.00004368787616e-16
1.5	Z	3	0.173674497098136

1.6	X	1	-5.76707468841979e-15
1.6	Y	1	-1.64123687378836e-16
1.6	Z	1	0.680488412160532
1.6	X	2	-6.34049419350764e-15
1.6	Y	2	-1.81602635428386e-15
1.6	Z	2	0.266916037150814
1.6	X	3	-7.82597504400061e-15
1.6	Y	3	5.73048741074603e-16
1.6	Z	3	0.348307972755576

1.7	X	1	-8.11456727034169e-15
1.7	Y	1	6.42154750808212e-16
1.7	Z	1	0.562591205354763
1.7	X	2	-6.11105926782397e-15
1.7	Y	2	-2.52527670945706e-15
1.7	Z	2	0.275353996643454
1.7	X	3	-6.14169455750289e-15
1.7	Y	3	1.99037544210709e-17
1.7	Z	3	0.474725164808342

1.8	X	1	-1.06291265919637e-14
1.8	Y	1	1.97593881586363e-15
1.8	Z	1	0.41893545340032
1.8	X	2	-5.7294687055024e-15
1.8	Y	2	-3.14513819127641e-15
1.8	Z	2	0.362947067693187
1.8	X	3	-4.52654986282879e-15
1.8	Y	3	-1.09143966202203e-15
1.8	Z	3	0.54757705608325

1.9	X	1	-1.19191798845872e-14
1.9	Y	1	3.63889444909129e-15
1.9	Z	1	0.272372097093155
1.9	X	2	-4.01794205585602e-15
1.9	Y	2	1.86943806949055e-17
1.9	Z	2	0.497696892533569
1.9	X	3	-1.65066557218064e-15
1.9	Y	3	-2.93608194744879e-16
1.9	Z	3	0.57601274248583

2	X	1	-1.17032954008738e-14
2	Y	1	5.02187646996229e-15
2	Z	1	0.149156172374935
2	X	2	-3.80945056110846e-15
2	Y	2	9.93754947188205e-16
2	Z	2	0.635175700996246
2	X	3	-7.55303304658286e-16
2	Y	3	-1.05876600896765e-15
2	Z	3	0.578206620472114

2.1	X	1	-1.02560384689534e-14
2.1	Y	1	5.97683604292265e-15
2.1	Z	1	0.0716214598459351
2.1	X	2	-4.30517875593425e-15
2.1	Y	2	1.39296415853476e-15
2.1	Z	2	0.733172989532766
2.1	X	3	-8.85704900430589e-16
2.1	Y	3	-2.69521461287331e-15
2.1	Z	3	0.574037058680156

2.2	X	1	-8.26782946534717e-15
2.2	Y	1	6.15430856631027e-15
2.2	Z	1	0.0519797559301022
2.2	X	2	-4.55580508494844e-15
2.2	Y	2	2.14457163476415e-15
2.2	Z	2	0.764651178904721
2.2	X	3	-1.5947700833517e-15
2.2	Y	3	-3.35309361886319e-15
2.2	Z	3	0.578331469239431

2.3	X	1	-6.02903988814705e-15
2.3	Y	1	5.82289591620814e-15
2.3	Z	1	0.0891377839355375
2.3	X	2	-4.33932922515209e-15
2.3	Y	2	2.57985073845263e-15
2.3	Z	2	0.72510250380512
2.3	X	3	-3.40268856342906e-15
2.3	Y	3	-3.44563648494167e-15
2.3	Z	3	0.596692507251861

2.4	X	1	-3.90689132776451e-15
2.4	Y	1	5.15254094353473e-15
2.4	Z	1	0.169405361346808
2.4	X	2	-3.75089383526661e-15
2.4	Y	2	2.40340401872135e-15
2.4	Z	2	0.632405596995435
2.4	X	3	-5.21286755734897e-15
2.4	Y	3	-2.74580475501467e-15
2.4	Z	3	0.624933319523815

2.5	X	1	-1.78887917113448e-15
2.5	Y	1	4.74326921195098e-15
2.5	Z	1	0.270732260555618
2.5	X	2	-3.91038304043331e-15
2.5	Y	2	1.37055194355183e-15
2.5	Z	2	0.51973966310003
2.5	X	3	-5.96362431874093e-15
2.5	Y	3	-4.87187243169962e-16
2.5	Z	3	0.651926510200687

2.6	X	1	1.44390300833284e-16
2.6	Y	1	4.27580322705546e-15
2.6	Z	1	0.369055412938004
2.6	X	2	-3.30755610069444e-15
2.6	Y	2	-1.03249064305249e-16
2.6	Z	2	0.424231974312677
2.6	X	3	-6.6006413847365e-15
2.6	Y	3	1.99660860859009e-15
2.6	Z	3	0.664609441141316

2.7	X	1	1.85566554325977e-15
2.7	Y	1	3.46807810114057e-15
2.7	Z	1	0.44477861139696
2.7	X	2	-3.10134500417732e-15
2.7	Y	2	-1.38129809672231e-15
2.7	Z	2	0.375156333788791
2.7	X	3	-6.28943264181873e-15
2.7	Y	3	4.31170977177892e-15
2.7	Z	3	0.653306066139652

2.8	X	1	3.44770038326323e-15
2.8	Y	1	2.41798765514338e-15
2.8	Z	1	0.487485549747615
2.8	X	2	-2.92624785512295e-15
2.8	Y	2	-1.90265119163541e-15
2.8	Z	2	0.385378302091107
2.8	X	3	-5.5487156491674e-15
2.8	Y	3	6.33446664298578e-15
2.8	Z	3	0.615568665248919

2.9	X	1	4.76825717516203e-15
2.9	Y	1	9.33906807408085e-16
2.9	Z	1	0.497639175942466
2.9	X	2	-3.03395735037458e-15
2.9	Y	2	-1.74085971856434e-15
2.9	Z	2	0.448481716374287
2.9	X	3	-4.47807336976234e-15
2.9	Y	3	7.3088142207141e-15
2.9	Z	3	0.557351972525194

3	X	1	5.56274675792673e-15
3	Y	1	-8.91166220289358e-16
3	Z	1	0.485008387016689
3	X	2	-3.27952687922151e-15
3	Y	2	-1.10375156489882e-15
3	Z	2	0.542080026882161
3	X	3	-3.3315147499652e-15
3	Y	3	7.57806996226974e-15
3	Z	3	0.491275144736771

3.1	X	1	5.85350695906447e-15
3.1	Y	1	-2.72136203478553e-15
3.1	Z	1	0.464561706545674
3.1	X	2	-3.36220420869852e-15
3.1	Y	2	3.99318313877442e-16
3.1	Z	2	0.635860767900935
3.1	X	3	-2.62075794018115e-15
3.1	Y	3	7.15645716151074e-15
3.1	Z	3	0.432683613103849

3.2	X	1	5.46821481941531e-15
3.2	Y	1	-4.55135055536188e-15
3.2	Z	1	0.451270164107162
3.2	X	2	-3.14781923026142e-15
3.2	Y	2	2.05679251226237e-15
3.2	Z	2	0.70154092369005
3.2	X	3	-1.94261833220073e-15
3.2	Y	3	5.97937548394133e-15
3.2	Z	3	0.394890838054428

3.3	X	1	4.45040642261941e-15
3.3	Y	1	-5.96072143864067e-15
3.3	Z	1	0.455473759708057
3.3	X	2	-2.45771477048428e-15
3.3	Y	2	3.42701594567468e-15
3.3	Z	2	0.72151067652651
3.3	X	3	-2.16993020237214e-15
3.3	Y	3	4.84081596594403e-15
3.3	Z	3	0.385168096900587

3.4	X	1	2.69823582154369e-15
3.4	Y	1	-6.61491166321348e-15
3.4	Z	1	0.480157862605506
3.4	X	2	-1.37644442694579e-15
3.4	Y	2	4.2504986863379e-15
3.4	Z	2	0.693570921517319
3.4	X	3	-2.62763282853064e-15
3.4	Y	3	4.0556624102605e-15
3.4	Z	3	0.402730570350942

3.5	X	1	3.47232548607358e-16
3.5	Y	1	-6.45484549189718e-15
3.5	Z	1	0.520790265157292
3.5	X	2	5.02920552995287e-17
3.5	Y	2	4.26516721309706e-15
3.5	Z	2	0.63056063436705
3.5	X	3	-2.77653718142603e-15
3.5	Y	3	3.37763191296535e-15
3.5	Z	3	0.439272921037205

3.6	X	1	-2.21693958531372e-15
3.6	Y	1	-5.14749670606534e-15
3.6	Z	1	0.567529049694413
3.6	X	2	1.65315455987899e-15
3.6	Y	2	3.75300399216107e-15
3.6	Z	2	0.55533957885849
3.6	X	3	-2.51255871420279e-15
3.6	Y	3	2.99655984065469e-15
3.6	Z	3	0.481778719303994

3.7	X	1	-4.57860780544793e-15
3.7	Y	1	-2.99327626419471e-15
3.7	Z	1	0.608895879509813
3.7	X	2	3.34413363968275e-15
3.7	Y	2	2.55537206929401e-15
3.7	Z	2	0.493002417890766
3.7	X	3	-1.37054975972368e-15
3.7	Y	3	2.18530020334117e-15
3.7	Z	3	0.51663304132366

3.8	X	1	-6.41313499642195e-15
3.8	Y	1	-3.55602916503072e-16
3.8	Z	1	0.635630534396925
3.8	X	2	5.08742719425864e-15
3.8	Y	2	6.23160498182431e-16
3.8	Z	2	0.462931694845129
3.8	X	3	6.83667107102532e-16
3.8	Y	3	8.17135473687023e-16
3.8	Z	3	0.533714952332164

3.9	X	1	-7.49769636780035e-15
3.9	Y	1	2.09496429908978e-15
3.9	Z	1	0.643492558288842
3.9	X	2	7.10718712927748e-15
3.9	Y	2	-1.05561716093287e-15
3.9	Z	2	0.47316872588548
3.9	X	3	3.95159439909327e-15
3.9	Y	3	-4.11325246641892e-16
3.9	Z	3	0.529224966828265

4	X	1	-7.57435822271703e-15
4	Y	1	3.72987966705442e-15
4	Z	1	0.6342071242342
4	X	2	8.02985737160206e-15
4	Y	2	-1.50920751656239e-15
4	Z	2	0.51869191717538
4	X	3	7.27184585867489e-15
4	Y	3	-1.19125342366142e-15
4	Z	3	0.506460866518041

4.1	X	1	-6.58049618806565e-15
4.1	Y	1	4.40159604929093e-15
4.1	Z	1	0.614401977728307
4.1	X	2	6.93458398780037e-15
4.1	Y	2	-1.08638084886245e-15
4.1	Z	2	0.583869745688241
4.1	X	3	9.22002824006043e-15
4.1	Y	3	-1.32337471031814e-15
4.1	Z	3	0.474427776309698

4.2	X	1	-4.88701637810683e-15
4.2	Y	1	4.22442633574338e-15
4.2	Z	1	0.593031594806968
4.2	X	2	4.83104170017378e-15
4.2	Y	2	-7.14903893191309e-16
4.2	Z	2	0.64804087385877
4.2	X	3	1.05069637718423e-14
4.2	Y	3	-2.06168674103163e-15
4.2	Z	3	0.44483389170302

4.3	X	1	-3.02439351639358e-15
4.3	Y	1	3.35543292366451e-15
4.3	Z	1	0.57823025100221
4.3	X	2	2.82798095837643e-15
4.3	Y	2	-2.70657033127598e-16
4.3	Z	2	0.692274410309982
4.3	X	3	1.13833787286872e-14
4.3	Y	3	-3.14478014371697e-15
4.3	Z	3	0.428477149240034

4.4	X	1	-1.33257726454036e-15
4.4	Y	1	2.08545525905826e-15
4.4	Z	1	0.574652255830748
4.4	X	2	1.26548028049832e-15
4.4	Y	2	5.36505501027453e-16
4.4	Z	2	0.705130085143584
4.4	X	3	1.15882909916295e-14
4.4	Y	3	-4.53762225364663e-15
4.4	Z	3	0.432144816858236

4.5	X	1	-1.11290727709904e-16
4.5	Y	1	6.20330480638202e-16
4.5	Z	1	0.58213142709956
4.5	X	2	9.15367033440705e-16
4.5	Y	2	1.1610506677126e-15
4.5	Z	2	0.685697920051598
4.5	X	3	1.05016533571e-14
4.5	Y	3	-5.55653267120914e-15
4.5	Z	3	0.456914349604138

4.6	X	1	7.38847749095339e-16
4.6	Y	1	-7.61916891578268e-16
4.6	Z	1	0.596017361308961
4.6	X	2	1.97929003779213e-15
4.6	Y	2	9.77520643190462e-16
4.6	Z	2	0.643159602467837
4.6	X	3	7.9144953573267e-15
4.6	Y	3	-5.88936850817882e-15
4.6	Z	3	0.498255745208176

4.7	X	1	1.23229200371829e-15
4.7	Y	1	-1.99287653309925e-15
4.7	Z	1	0.608988868519164
4.7	X	2	4.02440688497658e-15
4.7	Y	2	-6.68179689353711e-16
4.7	Z	2	0.593245853658837
4.7	X	3	4.3957289864846e-15
4.7	Y	3	-4.96541496285632e-15
4.7	Z	3	0.547760741255411

4.8	X	1	1.26107459637338e-15
4.8	Y	1	-3.01084516438689e-15
4.8	Z	1	0.613685503282013
4.8	X	2	5.57566950105366e-15
4.8	Y	2	-3.80810550342554e-15
4.8	Z	2	0.552902437131225
4.8	X	3	1.26327081742699e-15
4.8	Y	3	-2.11145851612791e-15
4.8	Z	3	0.595845275973288

4.9	X	1	7.8291449959504e-16
4.9	Y	1	-3.58642940231058e-15
4.9	Z	1	0.605274330103732
4.9	X	2	5.72265481227857e-15
4.9	Y	2	-7.2700482740566e-15
4.9	Z	2	0.534943931183539
4.9	X	3	-2.84312448458593e-16
4.9	Y	3	1.03919038826447e-15
4.9	Z	3	0.634528950342697

5	X	1	4.15445817823398e-17
5	Y	1	-3.39105174910862e-15
5	Z	1	0.583136137646605
5	X	2	4.59141046215777e-15
5	Y	2	-9.51777244951191e-15
5	Z	2	0.544356416922107
5	X	3	-1.52416162927818e-16
5	Y	3	3.26385908729625e-15
5	Z	3	0.659446126004807

